36

6
LECGEVDf
tjoXxBij
TJhdXyeU
QzTcwWTz
DqMAzLpZ
xRgTbeVm
3 2 1 4 5 6 
6 2 4 1 3 5 
4 6 1 3 2 5 
1 6 2 3 4 5 
6 2 5 4 1 3 
3 4 5 6 2 1 
3 4 5 2 1 6 
3 1 4 6 5 2 
1 3 5 2 4 6 
4 5 3 2 1 6 
1 4 3 5 6 2 
6 4 2 3 5 1 
6 5 3 2 4 1 
6 4 3 5 2 1 

6
Candidate 1
Candidate 2
Candidate 3
Candidate 4
Candidate 5
Candidate 6
3 2 1 4 5 6 
6 2 4 1 3 5 
4 6 1 3 2 5 
1 6 2 3 4 5 
6 2 5 4 1 3 
3 4 5 6 2 1 
3 4 5 2 1 6 
3 1 4 6 5 2 
1 3 5 2 4 6 
4 5 3 2 1 6 
1 4 3 5 6 2 
6 4 2 3 5 1 
6 5 3 2 4 1 
6 4 3 5 2 1 

2
JQpjMGoK
PKxvwhce
2 1 
1 2 
1 2 
1 2 
1 2 
1 2 
1 2 
2 1 
1 2 
2 1 
2 1 
2 1 
2 1 
1 2 
1 2 
1 2 
1 2 
1 2 
1 2 
1 2 
1 2 
2 1 
2 1 
2 1 
2 1 
2 1 
1 2 
1 2 
1 2 
1 2 
2 1 
2 1 
2 1 
2 1 
2 1 

5
XLUvtZlg
VqoMOgSs
KFthFLrM
IRtdNAzZ
dTnDyVnJ
3 1 2 5 4 
2 1 4 5 3 
5 4 1 3 2 
3 1 4 2 5 
4 3 2 1 5 
4 2 3 1 5 
1 3 5 2 4 
4 1 2 5 3 
5 4 3 2 1 
4 3 2 5 1 
1 2 4 5 3 
5 1 4 2 3 
1 5 3 4 2 
4 1 3 2 5 
2 1 5 4 3 
3 4 5 2 1 
3 2 1 5 4 
4 3 5 1 2 
3 1 4 2 5 
4 2 1 5 3 
5 2 3 1 4 
2 3 5 4 1 
2 3 1 4 5 
4 1 2 5 3 
2 1 4 5 3 
1 4 3 5 2 
1 5 2 3 4 
1 3 4 5 2 
2 5 4 3 1 
2 3 1 4 5 
3 5 2 4 1 

2
HAwtTqDo
nhSNrDTR
2 1 
1 2 
2 1 
1 2 
2 1 
1 2 
2 1 
1 2 
1 2 
1 2 

4
iURmkkAO
kVVSxpQa
dzhrzRPP
bGQnwFAy
4 2 3 1 
1 3 2 4 
4 1 2 3 
2 1 3 4 
2 4 3 1 
3 4 2 1 
3 2 1 4 
2 1 3 4 
2 3 4 1 
4 2 1 3 
4 2 3 1 
2 3 4 1 
3 2 1 4 
1 4 2 3 
2 3 4 1 
4 1 2 3 
2 1 4 3 
4 3 1 2 

4
puSbOFjH
adADawcI
dyYuXJLh
wgWMneTO
1 2 3 4 
4 2 1 3 
4 1 3 2 
1 4 2 3 
4 2 1 3 
4 1 2 3 
3 1 4 2 
2 4 3 1 
3 4 1 2 
2 4 3 1 
4 1 3 2 
2 1 3 4 
2 3 4 1 
4 3 2 1 
1 3 2 4 
2 1 4 3 
4 2 1 3 
4 2 1 3 
2 1 4 3 
1 4 2 3 
4 1 2 3 
4 2 1 3 
1 4 3 2 
3 2 4 1 
2 3 1 4 
3 1 4 2 
4 3 1 2 
3 4 2 1 
2 1 4 3 
3 4 1 2 
3 4 1 2 
2 1 4 3 
1 2 4 3 
3 2 1 4 
4 1 3 2 
3 1 4 2 
2 3 4 1 
2 3 1 4 
3 2 4 1 
1 2 3 4 
3 1 4 2 
4 2 1 3 
2 1 3 4 
4 2 3 1 

5
AghpdtJk
MdHBkWJq
leKHyZUm
ZBkMoNxC
GviveXlB
5 2 3 1 4 

4
JxqkhZVL
waSAuOwJ
tqPVzsVX
SKfMoHwp
2 1 4 3 
3 2 1 4 
4 2 1 3 
3 2 1 4 
3 2 1 4 
1 4 3 2 
3 1 4 2 
4 3 1 2 
3 2 4 1 
4 2 1 3 
4 2 3 1 
1 3 2 4 
1 2 4 3 
4 1 2 3 
1 4 2 3 
1 2 3 4 
1 3 2 4 
3 4 1 2 
2 3 4 1 
3 4 1 2 
1 4 2 3 
2 1 4 3 
1 4 2 3 
1 4 3 2 
2 1 3 4 
2 4 3 1 
2 1 3 4 
4 3 1 2 
1 2 3 4 
3 4 2 1 
1 2 4 3 
1 4 2 3 
1 4 3 2 

6
PuvyyaTR
AtKuZmfy
kJFbLhWl
IgUUpFEP
SYtHLmbP
mVphiKVB
6 1 3 5 2 4 
6 5 1 4 3 2 
1 5 6 4 3 2 
5 3 4 2 6 1 
3 2 5 4 6 1 
4 2 1 5 3 6 
5 1 2 3 6 4 
2 4 6 1 5 3 
1 3 4 6 5 2 
6 3 4 5 2 1 
6 2 1 3 4 5 
2 3 5 6 1 4 
6 1 5 2 3 4 

3
MGmavqWj
UeNlkCKJ
ynwSWwBR
2 1 3 
1 3 2 
2 1 3 
1 2 3 
1 2 3 
1 3 2 
3 1 2 
3 2 1 
1 3 2 
2 1 3 
1 3 2 
2 3 1 
3 1 2 
2 1 3 
2 1 3 
3 1 2 
3 2 1 
1 2 3 
1 3 2 
3 2 1 
3 1 2 
2 1 3 
2 1 3 
3 1 2 
3 2 1 
2 3 1 
1 2 3 
1 3 2 
2 1 3 
1 2 3 
3 1 2 
2 1 3 
2 1 3 
2 1 3 
3 1 2 
2 3 1 
1 3 2 
1 3 2 
3 2 1 
1 2 3 
1 2 3 
1 2 3 
1 3 2 
3 1 2 
3 2 1 
2 3 1 
3 2 1 

6
lOzNpYfY
StSwoXOW
VfJrGVGd
ldPIwTvY
fnRXxmBD
WYIHQrZh
6 3 1 2 4 5 
1 6 2 4 5 3 
2 3 4 6 5 1 
3 4 6 2 1 5 
4 2 5 6 1 3 
4 3 6 1 5 2 
6 3 2 4 1 5 
6 1 4 5 2 3 
5 6 1 3 2 4 
3 2 6 1 4 5 
1 2 4 6 3 5 
1 2 6 4 3 5 
2 5 1 3 6 4 
5 3 4 1 2 6 
5 4 2 1 6 3 
2 1 4 6 3 5 
5 1 4 6 3 2 
5 3 2 4 1 6 
3 6 5 2 1 4 
6 2 4 5 3 1 
3 1 5 4 2 6 
3 5 2 4 6 1 
5 1 4 2 6 3 
5 3 2 4 6 1 
2 1 6 5 4 3 
4 6 2 3 5 1 
5 6 3 2 4 1 
2 6 4 1 3 5 
3 2 1 6 4 5 
6 3 5 1 4 2 
5 2 1 4 3 6 

4
yKsgnbsG
YwfEYwfT
HvLkjhTe
oivUJHlS
4 3 1 2 
2 1 4 3 
4 1 3 2 
1 4 2 3 
3 1 4 2 
4 1 2 3 
3 2 4 1 
1 2 3 4 
2 1 4 3 
2 3 1 4 
2 4 3 1 
4 2 1 3 
3 2 4 1 
3 2 4 1 

2
ZhAYekOV
ZLIRliwg
2 1 
2 1 
1 2 
2 1 
1 2 
1 2 
2 1 
2 1 
1 2 
1 2 
2 1 
1 2 
2 1 
2 1 
1 2 
2 1 
2 1 
1 2 
2 1 
2 1 
1 2 

6
IJpVwHiU
IIYJHgBs
gtBOXals
owUEXZuo
NQzzsbwl
pddfdefb
5 2 3 6 4 1 
2 5 4 6 3 1 
4 6 5 2 1 3 
6 4 5 3 2 1 
2 1 6 3 5 4 
5 2 1 3 4 6 
3 6 2 1 5 4 
6 3 4 5 1 2 
5 3 1 4 6 2 
1 2 3 6 4 5 
2 4 1 5 3 6 
6 1 4 5 3 2 
1 5 2 6 3 4 
3 6 2 1 5 4 
6 2 4 5 3 1 
3 5 1 6 2 4 
5 2 3 4 6 1 
1 2 3 6 5 4 
5 3 2 4 6 1 
3 2 5 6 1 4 
5 6 2 4 1 3 
2 4 1 5 3 6 
5 1 3 4 2 6 
4 6 3 5 2 1 
2 6 4 1 5 3 
5 6 2 3 1 4 
2 1 3 4 5 6 
4 1 6 5 2 3 

5
QMctopcY
cEldNpKA
YpepUtKB
SpgzMGvY
rRqkTZRN
3 5 1 4 2 
2 1 3 4 5 
1 4 2 3 5 
1 3 4 5 2 
1 3 2 5 4 
3 2 5 4 1 
3 2 4 1 5 
4 2 5 1 3 

6
wYxDVapu
jXwzTeAh
vHHBGIQi
MCOwIbgk
VGVWBKAi
iCSPPZDu
3 5 6 1 4 2 
6 1 4 3 5 2 
1 4 3 2 5 6 
3 5 4 6 1 2 
6 1 5 2 3 4 
5 4 3 2 1 6 
4 3 6 5 1 2 
2 6 4 5 3 1 
6 3 4 5 1 2 
4 1 2 6 3 5 
1 6 5 4 2 3 
6 2 4 1 3 5 
1 6 2 4 3 5 
1 5 2 4 6 3 
3 2 1 6 5 4 
5 2 6 3 1 4 
3 2 1 6 4 5 
5 2 1 3 6 4 

2
JBUoTeqa
uKsNLpWa
2 1 
1 2 
2 1 
2 1 
2 1 
2 1 
2 1 
2 1 
1 2 
1 2 
1 2 
2 1 
2 1 
1 2 
2 1 
2 1 
2 1 
2 1 
1 2 
1 2 
1 2 
2 1 
1 2 
2 1 
2 1 
2 1 
2 1 
1 2 
2 1 
2 1 
1 2 
1 2 
2 1 
2 1 
1 2 
1 2 
2 1 
1 2 
2 1 
1 2 
1 2 

5
gQibEzaR
kHeBnzWq
uQEtmSKN
ZCsLdFft
lLRCFRqT
2 3 4 5 1 
3 2 4 5 1 
3 2 5 1 4 
4 3 2 5 1 
3 1 2 5 4 
1 5 4 3 2 
5 4 3 2 1 
3 1 2 5 4 
3 5 4 1 2 
4 1 2 3 5 
2 4 3 5 1 
5 3 1 2 4 
2 5 3 1 4 
1 5 2 3 4 
2 1 5 4 3 
5 3 4 2 1 
5 2 1 3 4 
5 4 3 2 1 
4 3 5 2 1 

3
LKvvPalY
XQjiKrOq
STXMAflV
3 2 1 
2 3 1 
3 1 2 
3 1 2 

2
kfLzJCWT
bwBpcJOk
2 1 
1 2 
2 1 
2 1 
1 2 
2 1 
1 2 
1 2 
1 2 
1 2 
2 1 
2 1 
2 1 
2 1 
1 2 
2 1 
1 2 
1 2 
1 2 
1 2 
2 1 
2 1 
1 2 
2 1 
2 1 
1 2 
2 1 
2 1 

2
WZMhFdRO
noMywztM
1 2 
2 1 
2 1 
2 1 
1 2 
2 1 
2 1 
2 1 
1 2 
1 2 
2 1 
1 2 
2 1 

2
xgnPatcj
akmISVBV
1 2 
1 2 
1 2 
1 2 
2 1 
1 2 
2 1 

3
ahKioXRG
qcVQBquH
jmzIwakF
3 1 2 
3 2 1 
2 3 1 
1 2 3 
2 3 1 
3 2 1 
2 1 3 
1 2 3 
3 2 1 
2 3 1 
1 2 3 
2 1 3 
2 3 1 
2 3 1 
2 3 1 
1 3 2 
3 1 2 
1 3 2 
3 2 1 
1 3 2 
1 3 2 
1 2 3 
2 1 3 
2 3 1 
2 3 1 
3 2 1 
1 2 3 
1 3 2 
1 2 3 
1 2 3 
1 2 3 
3 2 1 
2 3 1 
3 1 2 
3 2 1 
2 3 1 
3 2 1 

5
BrqwnLFR
iURJmioj
wYjqfNcB
VqfPcWty
LrKHlBOG
5 2 4 3 1 
4 3 5 2 1 
3 4 5 2 1 
1 3 5 2 4 
4 3 1 5 2 
3 5 2 1 4 
5 2 4 1 3 
2 3 5 4 1 
5 1 4 3 2 
1 3 2 4 5 
1 5 4 3 2 
5 3 1 4 2 
1 2 3 4 5 
5 1 2 4 3 
3 2 4 1 5 
5 4 2 3 1 
4 5 1 2 3 
1 5 4 2 3 
5 3 4 2 1 
2 5 1 3 4 
5 3 1 2 4 
3 4 1 2 5 
3 4 5 2 1 
2 1 5 3 4 
4 5 2 3 1 
4 2 5 3 1 
1 5 3 2 4 
2 3 4 1 5 
4 1 5 3 2 
5 3 1 4 2 
4 1 3 5 2 
4 1 3 2 5 
4 3 2 5 1 
1 4 5 2 3 
1 4 3 5 2 
1 3 2 4 5 
1 5 4 2 3 
2 5 1 4 3 
5 2 1 3 4 
5 1 2 4 3 
2 4 3 5 1 
1 4 2 5 3 
3 5 1 4 2 
3 2 4 1 5 
4 1 5 2 3 

6
qsrSBgAQ
KUfuIQOY
YQTkWetG
ZYuxZIsp
gFRaPCsI
pXVYrHjQ
5 4 2 1 6 3 
4 2 3 1 5 6 
1 6 5 4 3 2 
3 6 2 4 1 5 
2 1 4 6 3 5 
4 6 1 2 5 3 
6 5 3 2 4 1 
4 6 2 3 5 1 
3 5 2 1 6 4 
6 5 2 3 4 1 
6 2 1 5 4 3 
2 5 6 4 3 1 
2 3 4 1 6 5 
3 4 5 6 1 2 
3 4 2 6 5 1 
6 2 4 5 3 1 
4 1 3 6 5 2 
6 2 1 5 3 4 
6 2 4 1 3 5 

3
tFigrCKq
HxPXtfRo
BymxeziX
3 2 1 
2 3 1 
3 2 1 
3 1 2 
3 1 2 
3 1 2 
2 1 3 
2 3 1 
1 3 2 
3 1 2 
1 2 3 
2 3 1 

6
zQjsnshO
YukaBZZa
LjDUwNKd
LDNYRtlk
CEWTsgLG
sWowVLsv
3 2 1 4 6 5 
1 2 3 6 4 5 
6 5 1 2 4 3 
3 2 5 6 1 4 
6 4 5 3 1 2 
6 3 5 1 2 4 
6 3 1 5 4 2 
1 2 5 6 3 4 
2 6 5 4 1 3 
5 4 6 2 1 3 
4 6 3 5 1 2 
6 2 4 1 5 3 
5 6 1 3 4 2 
5 2 4 6 1 3 
1 6 4 5 3 2 
5 2 3 1 6 4 
2 4 1 5 6 3 
6 4 1 5 2 3 
1 6 4 3 5 2 
1 6 4 5 2 3 
6 2 5 1 4 3 
5 1 4 2 6 3 
2 4 3 1 5 6 
5 4 3 6 1 2 
2 4 1 3 6 5 
6 1 3 4 2 5 
6 2 3 1 4 5 
2 1 5 3 6 4 
6 1 2 4 5 3 
2 3 5 1 6 4 
3 5 1 4 6 2 
1 4 6 3 5 2 
6 2 4 5 3 1 
6 4 2 1 5 3 
2 6 4 1 5 3 
3 4 2 6 1 5 
4 6 3 5 1 2 
6 5 1 3 2 4 

3
UZCarPgA
iKLlfccL
yUczgonr
2 3 1 
2 1 3 
1 2 3 

6
uZIjbSFk
cQgaskqL
iaAgWjQm
JknEbojQ
jOxNgsMT
pDCCpeaq
5 6 3 1 4 2 
2 6 3 5 1 4 
2 4 6 5 3 1 
1 4 3 2 6 5 
6 4 2 1 3 5 
3 4 1 5 6 2 
1 5 4 3 6 2 
6 2 1 3 5 4 
1 3 4 5 6 2 
1 6 5 4 3 2 
4 5 1 3 2 6 
1 2 5 3 6 4 
5 6 1 2 3 4 
2 4 3 5 1 6 
3 5 1 6 4 2 
4 3 1 2 5 6 
2 4 5 1 3 6 
1 5 3 6 4 2 
4 2 5 3 6 1 
5 6 2 4 3 1 
1 4 6 3 2 5 
5 4 1 3 6 2 
5 4 6 2 3 1 
1 3 4 2 5 6 
1 3 5 4 6 2 

6
eoVTCkdv
lXZbPZbk
OeoEVRYs
HkAFJRSs
LSFgWulz
BoOxuitU
1 2 5 6 3 4 
4 3 5 2 6 1 
5 2 4 6 3 1 
1 5 3 4 6 2 
1 2 6 4 5 3 
1 2 3 6 5 4 
4 3 2 6 5 1 
3 5 4 2 1 6 
3 4 6 5 2 1 
4 3 6 2 1 5 
5 1 3 6 4 2 
3 4 6 2 1 5 
2 4 5 6 1 3 

4
KULjmcLH
QBHKBXzv
BNyThkYd
qFtoVTWs
2 4 1 3 
1 4 2 3 
3 4 2 1 
1 4 3 2 
2 3 1 4 
2 4 3 1 
3 1 2 4 
4 2 1 3 
4 3 2 1 
4 2 3 1 
1 4 2 3 
1 4 3 2 
2 1 3 4 
1 2 3 4 
2 1 4 3 
3 1 2 4 
4 2 1 3 
2 4 1 3 
2 3 1 4 
2 1 4 3 
3 2 4 1 
3 4 1 2 
3 2 1 4 
1 3 4 2 
2 4 3 1 
1 4 3 2 
4 3 2 1 
3 2 1 4 
3 1 4 2 
4 2 1 3 
1 2 3 4 
3 1 2 4 
3 2 1 4 
1 3 2 4 
2 1 4 3 
3 2 1 4 
1 3 2 4 
3 2 1 4 
1 3 2 4 
3 1 4 2 
4 3 1 2 
3 1 2 4 
4 2 1 3 
3 4 1 2 
3 2 4 1 
4 2 1 3 
3 1 4 2 
4 1 2 3 

3
gHWJvGIm
xdsXhGlw
KGQozZhq
3 2 1 
3 1 2 
3 2 1 
1 3 2 
1 2 3 
2 3 1 
2 1 3 
2 1 3 
2 3 1 
3 2 1 
3 1 2 
3 2 1 
3 1 2 
1 2 3 
2 1 3 
1 2 3 
3 2 1 
2 1 3 
1 3 2 
1 2 3 
3 2 1 
3 2 1 
1 2 3 
2 3 1 
2 3 1 
1 3 2 
3 2 1 
1 2 3 
3 2 1 

3
aFIuwBnC
SezODjpQ
iWMLHXLL
3 2 1 
1 3 2 
1 3 2 
1 2 3 
1 2 3 
2 3 1 
1 2 3 
3 2 1 
1 2 3 
1 3 2 
2 3 1 
3 1 2 
3 1 2 

5
sEqwvrzF
rCnIpaMD
VqlXZtGX
DpMdVBBT
oXmRVele
1 4 3 2 5 
3 1 2 5 4 
5 1 4 2 3 
3 5 2 4 1 
1 3 5 2 4 
5 4 1 3 2 
5 4 3 2 1 
3 4 2 5 1 
1 2 4 5 3 
1 3 2 5 4 
1 4 3 5 2 
3 4 5 2 1 
1 4 5 2 3 
4 2 3 1 5 
4 1 2 5 3 
2 4 1 5 3 
1 2 3 4 5 
4 1 5 3 2 
4 1 2 3 5 
3 5 1 2 4 
1 2 3 5 4 
5 3 4 2 1 
2 1 4 5 3 
5 4 1 3 2 
1 3 5 2 4 
2 1 4 5 3 
2 1 5 3 4 
1 3 5 4 2 
1 3 2 5 4 
5 4 2 3 1 
5 2 1 3 4 
5 1 2 4 3 
3 5 4 1 2 
4 5 3 2 1 
3 5 2 4 1 

6
qcgtitPh
EXOWMMHk
ucpKAOKa
TucqrjYP
wqQloTNT
DUFJMmkR
6 4 3 2 5 1 
2 5 1 3 4 6 
2 1 3 5 4 6 
3 2 6 5 1 4 
2 6 5 3 1 4 
1 5 6 4 2 3 
1 3 5 4 2 6 
2 1 3 6 4 5 
5 4 1 6 2 3 
1 5 3 6 4 2 
2 5 4 3 1 6 
6 1 4 5 2 3 
3 2 6 5 1 4 
6 3 2 5 4 1 
