1

14
C1
C2
C3
C4
C5
C6
C7
C8
C9
C10
C11
C12
C13
C14
7 8 12 4 5 9 10 1 2 14 6 11 3 13
3 13 5 12 6 4 10 9 11 8 1 2 7 14
6 12 3 5 2 8 14 13 4 7 11 1 9 10
11 5 12 7 14 6 2 9 10 1 8 3 4 13
4 2 7 12 5 10 8 6 9 3 13 11 1 14
12 10 9 8 7 2 5 14 11 1 4 13 3 6
10 9 3 6 4 7 8 14 12 1 13 2 5 11
8 13 10 7 11 9 6 5 3 2 4 12 14 1
5 11 13 6 8 7 2 10 1 14 4 12 3 9
4 5 8 2 6 12 3 10 14 1 11 9 7 13
1 11 14 4 7 5 13 12 10 2 6 8 3 9
12 8 9 2 14 3 5 7 4 13 10 6 11 1
13 4 6 3 12 9 14 8 1 7 11 10 2 5
14 3 8 11 5 6 2 4 10 7 9 13 1 12
1 13 12 9 11 14 5 8 2 10 7 3 4 6
5 3 4 11 14 13 2 6 7 10 8 12 1 9
8 14 9 5 10 3 6 4 2 11 12 13 7 1
1 13 11 14 2 3 12 8 4 5 7 9 6 10
2 14 10 5 7 3 8 11 9 6 4 12 1 13
6 8 4 5 11 7 12 9 3 13 10 2 14 1
4 3 10 9 2 11 6 14 13 5 7 8 12 1

4
Maria da Silva
Ana Torresmo
BCT CRL
VGN PNT
1 2 3 4
2 1 4 3
2 3 1 4
3 2 4 1
3 2 1 4
1 4 2 3
1 4 3 2
2 3 1 4
2 4 1 3
3 1 2 4
3 1 2 4

4
Maria da Silva
BCT CRL
Ana Torresmo
VGN PNT
1 4 3 2
2 1 4 3
2 1 3 4
3 1 4 2
3 1 2 4
2 1 3 4
