39

1 2 10 I
3 1 11 C
1 2 19 R
1 2 21 C
1 1 25 C

1 2 10 I
3 1 11 C
1 2 19 R
1 2 21 C
1 1 25 C

1 1 25 I
2 1 30 C
1 2 40 I
1 1 45 I
1 2 55 I
2 2 70 I
1 1 80 C
1 2 95 C
3 1 97 C
3 2 103 C
3 3 109 C

28 1 50 I
70 1 65 I
100 1 66 C
28 1 67 C
70 1 71 C

5 9 10 I
5 9 11 I
5 8 13 I
5 8 13 I
10 7 17 I
10 7 18 I
10 7 20 I
10 6 21 I
3 5 30 I
3 5 32 I
3 4 34 I
3 3 35 I

1 5 12 R

70 5 12 U

90 1 12 E

90 1 12 E
90 1 24 R
90 1 36 I
90 1 48 U
90 1 54 C

1 9 30 I
1 9 60 I
1 9 90 I
1 9 120 I
1 9 150 I
1 9 180 I
1 9 210 C

1 1 30 I
1 2 40 I
1 3 50 I
1 4 60 I
1 5 70 I
1 6 80 I
1 7 90 I
1 8 100 I
1 9 110 I
1 1 120 C
1 2 130 C
1 3 140 C
1 4 150 C
1 5 160 C
1 6 170 C
1 7 180 C
1 8 190 C
1 9 200 C

1 1 10 C
1 2 15 C
1 3 20 C
2 1 25 C
2 2 30 E
2 2 35 U
2 2 37 C
5 1 38 I
5 1 42 C
5 2 46 C

1 5 9 I
2 5 10 R
3 7 12 U
4 8 15 E
9 3 20 C

3 7 12 C
3 9 22 C
3 7 23 I

100 9 100 C
100 9 105 C

38 1 0 C
48 1 1 R
83 1 2 E
89 9 3 R
7 5 4 R
68 1 5 U
61 1 6 U
27 1 7 R
21 7 8 R
55 2 9 I
54 1 10 U
69 1 11 C
59 2 12 I
43 3 13 I
7 9 14 R
84 6 15 R
52 8 16 C
32 7 17 C
87 7 18 U
44 1 19 I
87 6 20 I
21 6 21 U
6 4 22 E
44 8 23 I
72 5 24 R
35 1 25 E
57 4 26 E
24 5 27 C
30 3 28 I
85 9 29 I
72 5 30 U
30 7 31 U
8 5 32 R
88 1 33 I
61 2 34 C
35 6 35 R
77 4 36 C
46 8 37 I
21 9 38 E
74 3 39 R
7 4 40 U
25 4 41 R
48 1 42 I
87 1 43 C
84 3 44 U
96 9 45 U
60 5 46 R
75 2 47 I
29 4 48 E
3 7 49 I

3 1 11 C
3 1 17 I

1 2 10 I
3 1 10 I
1 2 11 C
3 1 11 C
1 4 20 I

1 1 20 C
1 1 25 C

1 2 10 I
3 1 11 C
1 2 19 R
1 2 21 C
1 1 25 C
1 3 20 I
1 4 40 I
8 4 50 I

1 2 10 I
3 1 11 C
1 2 19 R
1 2 21 C
1 1 25 C

1 1 5 C
1 2 10 C
1 3 15 C
100 1 0 I
100 1 5 C
100 3 50 C
38 1 0 C
48 1 1 R
83 1 2 E
89 9 3 R
7 5 4 R
68 1 5 U
61 1 6 U
27 1 7 R
21 7 8 R
55 2 9 I
54 1 10 U
69 1 11 C
59 2 12 I
43 3 13 I
7 9 14 R
84 6 15 R
52 8 16 C
32 7 17 C
87 7 18 U
44 1 19 I
87 6 20 I
21 6 21 U
6 4 22 E
44 8 23 I
72 5 24 R
35 1 25 E
57 4 26 E
24 5 27 C
30 3 28 I
85 9 29 I
72 5 30 U
30 7 31 U
8 5 32 R
88 1 33 I
61 2 34 C
35 6 35 R
77 4 36 C
46 8 37 I
21 9 38 E
74 3 39 R
7 4 40 U
25 4 41 R
48 1 42 I
87 1 43 C
84 3 44 U
96 9 45 U
60 5 46 R
75 2 47 I
29 4 48 E
3 7 49 I

3 1 11 C
3 1 17 I

1 2 10 I
3 1 10 I
1 2 11 C
3 1 11 C
1 4 20 I

1 2 10 I
3 1 11 C
3 1 25 C
1 2 19 R
1 2 21 C
1 1 25 C

1 3 140 I

6 8 17 I
1 5 24 C
6 5 26 I
4 8 83 C
6 5 106 C
5 6 118 R
1 4 121 C
7 2 131 I
3 6 153 I
10 7 158 U
4 7 234 I
9 9 294 I

1 1 12 I
2 3 61 C
1 2 105 E
2 1 134 R
2 1 160 C
1 2 171 R
1 2 210 E
2 3 223 I

2 1 1 C
1 2 2 C

45 5 6 C
15 9 7 E
39 3 11 I
82 6 18 U
48 4 21 R
18 8 30 R
39 7 37 R
27 7 46 E
74 7 55 E
13 1 60 C
57 5 68 C
27 3 69 C
45 7 73 E
64 8 79 R
84 3 80 E
68 4 86 U

86 1 5 C
43 6 5 I
37 7 11 I
12 4 13 I
93 5 18 R
40 9 26 R
84 7 31 U
65 6 31 U
16 3 36 R
41 1 39 R
4 6 39 C
43 5 46 E
97 2 54 E
33 5 60 I
21 8 60 C
95 2 68 C
11 2 75 U
98 2 82 I

33 2 2 R
14 4 9 U
26 9 13 E
56 1 22 U
2 5 23 E
17 7 29 E
97 7 32 R
79 5 37 R
95 7 42 E
64 9 49 C
57 5 56 U
96 3 60 U
27 8 68 E
14 9 68 C
70 1 70 R
17 1 79 C
77 9 86 R
97 2 93 E
73 2 101 I
40 2 110 U
39 2 117 E
72 6 126 I
21 5 126 C
63 9 129 C
35 2 133 E
99 4 141 C
56 4 144 C
2 4 148 U

76 6 5 I
65 8 12 C
71 3 20 U

63 5 2 C
90 4 11 U
64 6 19 U
10 5 22 I
79 4 26 E
20 6 30 I
90 7 39 I
23 4 40 R
9 5 47 R

38 3 10 E
60 9 16 U
49 3 23 I
89 8 28 R
91 6 37 E
28 6 40 U
25 2 45 I
82 2 45 E
13 3 49 R
45 3 56 R
72 3 60 I
92 1 60 R
37 7 61 U
94 1 67 C
44 7 68 C
12 8 73 E
79 4 81 R
7 8 83 C

47 8 10 E
99 3 18 E
56 4 26 C
21 6 35 E
18 5 42 U
71 2 42 U
80 3 45 C
2 3 47 C
20 7 56 U
23 5 60 I
74 5 63 C
63 4 67 E
96 1 70 E
86 5 72 C

12 1 10 I
10 7 19 I
77 6 19 U
48 9 21 U
88 7 28 E
86 8 29 I
60 1 38 R

94 4 6 R
29 3 13 C
7 2 15 U
98 6 22 I
75 4 30 U
59 5 30 U
68 6 37 I
69 8 38 I
22 7 42 C
74 7 42 I
99 2 43 C
20 1 52 I
2 1 61 E
8 7 68 E
7 3 71 I
30 3 74 U
30 2 82 R
88 8 87 R
77 9 92 R
69 1 100 C
89 6 109 U
64 1 109 I
83 2 116 I
41 8 125 R
43 9 129 E
56 9 137 R

56 3 9 I
16 6 15 C
96 2 17 C
7 3 19 C
51 3 22 C
